15513898647939
15586111095171
15540072513923
15513845760387
15513824002435
15513852674435
15540196344195
15513869910403
15513887867267
15513878167939
15527227982211
15516061303171
15521034338691
15595055612291
15599977234819
15517542613379
15517537206659
15581859414403
15513962021251
15513947373955
15570118607235
15580564291971
15581888512387
15514303758723
15514100728195
15570134925699
15607329980803
15607340040579
15607220601219
15607220109699
15616647528835
15616695959939
15616600834435
15616871235971
